-6.132977455854415894e-02
-6.195341795682907104e-02
8.557809516787528992e-03
3.446570411324501038e-02
-4.267815873026847839e-02
3.986889123916625977e-02
6.120374798774719238e-02
-6.577407568693161011e-02
1.236423477530479431e-02
2.729510329663753510e-02
-4.902230575680732727e-02
-1.488754060119390488e-02
-4.353050142526626587e-03
1.399782858788967133e-02
1.120453048497438431e-02
-8.294039405882358551e-03
-7.813113182783126831e-02
8.298524771817028522e-04
-4.083562642335891724e-02
-2.101806364953517914e-02
-2.869035862386226654e-02
2.810542285442352295e-02
4.252022132277488708e-02
4.024202376604080200e-02
-3.016307251527905464e-03
2.014019154012203217e-02
1.689431816339492798e-02
5.644826963543891907e-02
-5.405509099364280701e-02
7.523459848016500473e-03
4.873865470290184021e-02
4.991464689373970032e-02
-5.599852651357650757e-02
-1.440193038433790207e-02
-2.879142016172409058e-02
2.264887094497680664e-03
2.263731695711612701e-02
3.044840134680271149e-02
-1.648730039596557617e-02
3.352363128215074539e-03
7.890548557043075562e-02
5.661403015255928040e-02
-3.743937984108924866e-02
4.747194796800613403e-02
-3.444972634315490723e-02
-4.343974962830543518e-02
-4.249189421534538269e-02
-1.845790818333625793e-02
1.263924315571784973e-02
-7.057762891054153442e-02
2.868616394698619843e-02
-7.808441296219825745e-03
-7.957619428634643555e-02
-5.403076112270355225e-02
4.848170280456542969e-02
-2.709601819515228271e-02
-1.651911996304988861e-02
-7.252413313835859299e-03
-3.758562728762626648e-02
-5.415647756308317184e-03
-1.314510032534599304e-02
1.095868833363056183e-02
2.969735115766525269e-02
-1.367747504264116287e-02
-4.696781747043132782e-03
7.281142473220825195e-02
1.215911749750375748e-02
1.767614111304283142e-02
-1.853262074291706085e-02
-1.029237955808639526e-01
8.875283598899841309e-02
1.660899259150028229e-02
-5.585056170821189880e-02
-3.851165249943733215e-02
-1.627208897843956947e-03
-2.423182316124439240e-02
2.010841481387615204e-02
-2.007612772285938263e-02
-5.383941903710365295e-02
-5.511423945426940918e-02
2.382842637598514557e-02
-2.163026109337806702e-02
-4.710781574249267578e-02
7.390979677438735962e-02
-3.888391703367233276e-02
8.916848339140415192e-03
2.216364815831184387e-02
-3.471280261874198914e-02
4.237084090709686279e-02
-4.746843129396438599e-02
-2.461934927850961685e-03
-9.752343758009374142e-04
2.223472110927104950e-02
-1.767552085220813751e-02
-2.785373665392398834e-02
5.675381049513816833e-02
3.487443551421165466e-02
-3.045968897640705109e-02
-4.805511608719825745e-02
-1.877132058143615723e-02
1.667266525328159332e-02
-6.663254648447036743e-02
-4.807814955711364746e-02
-2.566994167864322662e-02
4.051854461431503296e-02
3.428223729133605957e-02
3.523575887084007263e-02
-3.802986815571784973e-02
-3.551796451210975647e-02
-6.149816513061523438e-02
5.227885767817497253e-02
5.250510945916175842e-02
7.104340940713882446e-03
7.419084757566452026e-02
-5.349048599600791931e-02
-5.380524694919586182e-02
4.893638938665390015e-02
-4.628566280007362366e-02
3.924677520990371704e-02
1.920304447412490845e-02
-2.383203990757465363e-02
-2.652842178940773010e-02
2.824286930263042450e-02
8.088758587837219238e-02
3.094046004116535187e-02
-3.399015963077545166e-02
-5.388933420181274414e-02
1.905184239149093628e-02
-7.335227448493242264e-03
5.281802266836166382e-03
9.824314713478088379e-02
-2.238918468356132507e-02
4.717446491122245789e-02
1.364509854465723038e-02
-8.862742036581039429e-02
1.065371464937925339e-02
-3.235158696770668030e-02
-2.899096533656120300e-02
-8.130353689193725586e-02
2.126613818109035492e-02
-5.165757238864898682e-02
2.274041995406150818e-02
4.581934213638305664e-02
1.709059812128543854e-02
-3.230333328247070312e-02
-7.926403731107711792e-02
4.452308267354965210e-02
-9.971269220113754272e-02
1.002901941537857056e-01
1.154842786490917206e-03
2.409846335649490356e-02
-3.344390913844108582e-02
2.585326321423053741e-02
-5.827036872506141663e-02
-1.729629933834075928e-02
7.293668575584888458e-03
1.506616827100515366e-02
9.430537372827529907e-02
3.127516433596611023e-02
2.451733499765396118e-02
-5.569502711296081543e-02
-1.729855686426162720e-02
-4.472793638706207275e-02
-2.571241557598114014e-02
-1.025111451745033264e-01
2.219175733625888824e-02
-3.951079398393630981e-02
-9.001236408948898315e-02
-8.878070511855185032e-04
-5.928038805723190308e-02
-5.932517722249031067e-02
-6.677401717752218246e-03
1.321694348007440567e-02
-9.398350375704467297e-04
1.282512843608856201e-01
9.906729310750961304e-02
-6.175030767917633057e-02
3.191830590367317200e-02
-2.114076633006334305e-03
-5.134315788745880127e-02
-2.020813338458538055e-02
7.726279646158218384e-02
2.624841965734958649e-02
8.010364137589931488e-03
8.486262708902359009e-02
5.508833751082420349e-02
-6.097577884793281555e-02
4.886857792735099792e-02
3.709385544061660767e-02
4.199383314698934555e-03
-1.115094218403100967e-02
2.329112263396382332e-03
3.624854236841201782e-02
3.596312552690505981e-02
1.993202976882457733e-02
-1.171115133911371231e-02
2.842894755303859711e-02
-5.649701505899429321e-02
4.407501593232154846e-02
2.188411727547645569e-02
3.181200847029685974e-02
-5.441003944724798203e-03
-5.379913491196930408e-04
-4.739872645586729050e-03
-2.978794649243354797e-02
-1.893528364598751068e-02
-2.019271440804004669e-02
-6.834561377763748169e-02
-3.833023086190223694e-02
-7.663855701684951782e-02
1.404838636517524719e-02
2.919692732393741608e-02
-3.324143216013908386e-02
-4.517557471990585327e-02
2.674651623237878084e-04
1.760708913207054138e-02
9.560162574052810669e-02
-2.896543033421039581e-02
-3.356951847672462463e-02
-4.933056980371475220e-02
-1.440414413809776306e-02
3.214908018708229065e-02
2.778037264943122864e-02
-3.372070938348770142e-02
2.635029144585132599e-02
-4.995260760188102722e-02
3.145732730627059937e-02
1.221965160220861435e-02
4.659444466233253479e-02
-3.012862987816333771e-02
-1.793087646365165710e-02
8.833928406238555908e-02
-4.143185215070843697e-04
9.602486388757824898e-04
3.452090546488761902e-02
9.304384142160415649e-02
8.856419473886489868e-02
2.879898995161056519e-02
2.037834376096725464e-02
-9.522653371095657349e-02
6.076342985033988953e-02
3.905731067061424255e-02
4.283701628446578979e-02
-2.077214233577251434e-02
5.130897089838981628e-02
-2.509186044335365295e-02
1.842602901160717010e-02
-3.209776058793067932e-02
1.743647083640098572e-02
-8.044850081205368042e-02
-4.108007624745368958e-02
3.663830831646919250e-02
8.311916142702102661e-03
-1.808865182101726532e-02
-4.839332401752471924e-02
-7.111783325672149658e-02
-2.868969924747943878e-02
-6.747049838304519653e-02
2.736748941242694855e-02
2.409646101295948029e-02
4.465894028544425964e-02
-3.599883615970611572e-02
-2.824990265071392059e-02
-2.223538048565387726e-02
-3.374708816409111023e-02
-5.071095749735832214e-02
-1.773377135396003723e-02
-4.465796798467636108e-02
-2.593842521309852600e-02
-7.133769243955612183e-02
4.951471090316772461e-02
3.909887745976448059e-02
-6.458654254674911499e-02
8.521232753992080688e-03
2.762309508398175240e-03
9.871630370616912842e-02
1.108871866017580032e-02
-2.291578613221645355e-02
2.015903592109680176e-02
-3.209254518151283264e-02
3.755500912666320801e-02
2.783931093290448189e-03
-2.161973388865590096e-03
-5.256087705492973328e-02
-1.408753171563148499e-02
-2.242496050894260406e-02
3.674683719873428345e-02
-9.425972588360309601e-03
3.644491359591484070e-02
1.089757494628429413e-02
-5.730966106057167053e-03
1.993180066347122192e-02
1.364510878920555115e-02
2.293554879724979401e-02
-3.602451458573341370e-02
-7.706031203269958496e-02
2.863155305385589600e-02
7.380375266075134277e-02
3.207463026046752930e-02
5.937851592898368835e-02
3.150183334946632385e-02
9.183164685964584351e-02
3.192069381475448608e-02
3.827547654509544373e-03
5.267552658915519714e-02
-7.082509994506835938e-02
1.584590040147304535e-02
5.055024847388267517e-02
2.423712424933910370e-02
1.083952113986015320e-01
-2.363996813073754311e-03
-2.562026306986808777e-02
-5.402193870395421982e-03
-4.341597855091094971e-02
9.767736308276653290e-03
1.478230953216552734e-02
1.851851679384708405e-02
1.789914257824420929e-02
4.096890613436698914e-02
-1.108021568506956100e-02
1.049361890181899071e-03
-6.693706382066011429e-03
-7.009924203157424927e-02
-2.002549916505813599e-02
-1.290975324809551239e-02
-3.848059847950935364e-02
-3.419679775834083557e-02
4.010218754410743713e-02
4.637870192527770996e-02
-7.254186272621154785e-02
-1.167185381054878235e-01
-8.945651352405548096e-02
-7.191202789545059204e-02
-1.934272609651088715e-02
8.093439042568206787e-02
-2.628441154956817627e-02
-6.896937265992164612e-03
-1.460062526166439056e-02
-1.697224937379360199e-02
2.126039564609527588e-02
5.894142016768455505e-02
-1.077487021684646606e-01
3.107403963804244995e-02
-2.658654004335403442e-02
6.588448584079742432e-02
-7.163014262914657593e-02
-3.693981328979134560e-03
-1.580089330673217773e-02
8.387697860598564148e-03
9.818095713853836060e-03
-2.851017192006111145e-02
4.866730049252510071e-02
3.857817128300666809e-02
-9.442832320928573608e-02
-3.291449695825576782e-02
4.856516048312187195e-02
-4.575759172439575195e-02
-6.668417900800704956e-02
2.336016483604907990e-02
-3.480244427919387817e-02
-6.345965713262557983e-02
2.373810485005378723e-02
7.372801005840301514e-02
5.859749391674995422e-02
3.819825872778892517e-02
-6.945442873984575272e-03
2.010966837406158447e-02
9.311877936124801636e-02
-2.203508839011192322e-02
-8.570340275764465332e-02
-7.737690955400466919e-02
-4.034939035773277283e-02
8.079060912132263184e-02
-2.004650048911571503e-02
5.619987472891807556e-02
5.218221805989742279e-03
9.644232690334320068e-02
-1.427779905498027802e-02
-2.100614598020911217e-03
1.417414937168359756e-02
6.109626591205596924e-02
3.853796795010566711e-02
3.231593593955039978e-02
-3.652922436594963074e-02
8.864711271598935127e-04
6.781219039112329483e-03
6.912155076861381531e-03
-4.805129766464233398e-02
1.645033247768878937e-02
-2.082305587828159332e-02
-1.212154608219861984e-02
-5.488615855574607849e-02
1.021412853151559830e-02
3.853856399655342102e-02
-5.105901136994361877e-02
-1.466324552893638611e-02
8.898142725229263306e-03
1.372920721769332886e-02
8.731146343052387238e-03
1.226298976689577103e-02
4.801671579480171204e-02
6.574379652738571167e-02
3.274908289313316345e-02
-1.661388389766216278e-02
6.055563315749168396e-02
-4.486031457781791687e-02
-2.350207418203353882e-02
-3.677627537399530411e-03
-8.028952777385711670e-02
-1.075128279626369476e-02
1.838109083473682404e-02
5.745786055922508240e-02
4.420639481395483017e-03
1.162432250566780567e-03
3.025107458233833313e-02
2.914552390575408936e-02
-5.131048709154129028e-02
-1.585754752159118652e-02
-2.787262201309204102e-02
-3.076354414224624634e-02
3.977073729038238525e-02
5.739069730043411255e-02
-7.994642108678817749e-02
2.797135710716247559e-02
-2.896435931324958801e-02
1.892152056097984314e-02
-3.066270425915718079e-02
-1.863375864923000336e-02
-4.827316105365753174e-02
-1.100070867687463760e-02
3.943256742786616087e-04
-4.320652037858963013e-02
3.584358096122741699e-02
4.131523147225379944e-02
-5.359882861375808716e-02
8.572980761528015137e-02
8.777442574501037598e-02
-1.063759531825780869e-02
2.107946667820215225e-03
-6.073309853672981262e-02
3.368041664361953735e-02
4.734522104263305664e-02
2.676472766324877739e-03
-4.783030226826667786e-02
6.049460917711257935e-02
-5.841086432337760925e-02
4.081238433718681335e-02
7.599347271025180817e-03
2.173320204019546509e-02
1.445743720978498459e-02
-3.963997960090637207e-02
-4.245588555932044983e-02
4.880613833665847778e-02
-4.105817899107933044e-02
3.669862635433673859e-03
-6.131222844123840332e-02
-2.442790195345878601e-02
8.595343679189682007e-02
-9.139334433712065220e-04
3.810325637459754944e-03
4.261304065585136414e-02
2.817573212087154388e-02
2.286055311560630798e-02
9.359794855117797852e-02
-8.853360079228878021e-03
-3.587501868605613708e-02
-5.107306316494941711e-02
-3.953027725219726562e-02
-3.054355643689632416e-02
-2.573287859559059143e-02
2.991579473018646240e-03
-2.249719016253948212e-02
-5.413451418280601501e-02
-4.022047668695449829e-02
-9.289321303367614746e-02
6.139940395951271057e-02
-5.392195284366607666e-02
1.232401002198457718e-02
8.255989849567413330e-02
-2.613281365483999252e-03
-4.708308726549148560e-02
-3.430023789405822754e-02
4.457612708210945129e-02
5.548216402530670166e-03
1.562250591814517975e-02
1.987588591873645782e-02
-5.479114875197410583e-02
-1.314388401806354523e-02
-4.872257634997367859e-02
9.363783523440361023e-03
2.700635232031345367e-03
-9.730709716677665710e-03
-6.351666990667581558e-03
2.077735401690006256e-02
3.436917439103126526e-02
2.414612099528312683e-02
6.341750919818878174e-02
5.325356870889663696e-02
2.519403770565986633e-02
-4.364949092268943787e-02
2.008422836661338806e-02
-8.766625076532363892e-02
1.492203213274478912e-02
-2.360752597451210022e-02
-3.613342344760894775e-02
7.326394319534301758e-02
-3.718851506710052490e-02
2.246408723294734955e-02
9.572021663188934326e-03
-5.356304813176393509e-03
-2.209537290036678314e-02
7.901193946599960327e-02
