-3.907238692045211792e-02
5.018131062388420105e-02
2.442166395485401154e-02
-3.196610487066209316e-04
4.208749160170555115e-02
1.194828073494136333e-03
-5.752376466989517212e-02
5.114194471389055252e-03
-3.225068747997283936e-02
-4.731459915637969971e-02
-7.849805988371372223e-03
-8.610819280147552490e-02
-6.969285011291503906e-02
3.954492136836051941e-02
2.188369445502758026e-02
-6.432230118662118912e-03
7.595841307193040848e-03
4.349240288138389587e-02
-1.992993988096714020e-02
5.600756034255027771e-02
3.728940337896347046e-02
-6.571334600448608398e-02
7.350111007690429688e-02
-4.671736806631088257e-02
1.328951492905616760e-02
-1.179429236799478531e-02
-2.263495931401848793e-03
2.056931145489215851e-02
-2.662484347820281982e-02
3.016905859112739563e-02
-1.803341880440711975e-02
3.117379173636436462e-02
-8.250533719547092915e-04
7.734856754541397095e-02
2.369556343182921410e-03
2.462128922343254089e-02
2.002838999032974243e-02
-3.981219138950109482e-03
3.216506168246269226e-02
-2.027336880564689636e-02
4.549981560558080673e-03
-5.963664129376411438e-02
-1.041543669998645782e-02
6.099645793437957764e-02
-4.218028485774993896e-02
5.406831949949264526e-02
-1.284625008702278137e-02
-4.777661710977554321e-02
3.120653331279754639e-02
2.069945447146892548e-02
3.130172193050384521e-02
-5.289345607161521912e-02
-2.436810173094272614e-02
-8.062906563282012939e-03
1.827473752200603485e-02
-3.882787004113197327e-02
-3.904808685183525085e-02
-3.313719853758811951e-02
-7.679584622383117676e-02
-6.411971151828765869e-02
2.788874506950378418e-02
-7.187827676534652710e-02
4.698129743337631226e-02
-5.283651873469352722e-03
-1.362987793982028961e-02
7.328534126281738281e-02
-8.022238314151763916e-02
-1.292368490248918533e-02
3.699490800499916077e-02
-8.311346918344497681e-02
2.073633298277854919e-02
8.186155930161476135e-03
-6.661586463451385498e-02
-4.374438524246215820e-02
-4.239781200885772705e-02
7.559956610202789307e-02
4.511335399001836777e-03
1.040094159543514252e-02
2.292616106569766998e-02
-3.609852399677038193e-03
-1.604392938315868378e-02
9.161448106169700623e-03
3.262246958911418915e-03
7.783251814544200897e-03
-9.139657020568847656e-02
-1.112928707152605057e-02
3.258473053574562073e-02
6.011468917131423950e-02
6.505310535430908203e-03
-3.795778006315231323e-02
1.469510979950428009e-02
-1.414253935217857361e-02
-1.373348198831081390e-02
-5.878382921218872070e-02
1.718423701822757721e-02
1.068092137575149536e-01
-4.007872566580772400e-02
1.651139464229345322e-03
-5.233161617070436478e-03
7.412118464708328247e-02
4.645852372050285339e-02
-2.629491267725825310e-03
-6.013676524162292480e-02
-1.566037163138389587e-02
-7.759836968034505844e-03
7.427141815423965454e-02
-3.049459680914878845e-02
3.465052694082260132e-02
-1.175371115095913410e-03
-6.209810823202133179e-02
1.387952594086527824e-03
5.511254817247390747e-02
8.422500640153884888e-02
-1.315281610004603863e-03
2.833254449069499969e-02
7.751074433326721191e-02
1.198041904717683792e-02
-7.106201350688934326e-02
-2.331986464560031891e-02
3.087916411459445953e-02
-2.550785616040229797e-02
8.897199295461177826e-03
-3.717634361237287521e-03
3.487233072519302368e-02
6.930632516741752625e-03
1.307777781039476395e-02
1.871753856539726257e-02
-2.643380314111709595e-02
-2.307595871388912201e-02
2.305603399872779846e-02
3.039759956300258636e-02
1.159445345401763916e-01
3.044155985116958618e-02
-3.825268894433975220e-02
-1.475332770496606827e-02
4.490715637803077698e-02
-3.839889541268348694e-02
-3.898101300001144409e-02
-4.037267714738845825e-02
2.363114431500434875e-02
1.852764002978801727e-02
-4.517778009176254272e-02
-3.232130408287048340e-02
2.072459785267710686e-03
4.446659609675407410e-02
2.326970174908638000e-02
9.290271252393722534e-02
4.496563971042633057e-02
5.810380354523658752e-02
4.577043280005455017e-02
-7.126461714506149292e-02
5.060074105858802795e-02
4.448104277253150940e-02
-5.744939297437667847e-02
3.420952335000038147e-02
-2.088436484336853027e-02
1.467269286513328552e-02
-6.352362781763076782e-02
-6.331965327262878418e-02
3.161202371120452881e-02
-2.665024623274803162e-02
1.149133779108524323e-02
-8.103863894939422607e-02
-8.324718475341796875e-02
6.235167384147644043e-02
2.505116909742355347e-02
-5.241907387971878052e-02
-1.249494869261980057e-02
-6.586578488349914551e-02
-4.098274186253547668e-02
-1.111781746149063110e-01
3.888154029846191406e-02
4.736002162098884583e-02
3.807967295870184898e-03
-1.365370932035148144e-03
2.498525753617286682e-02
1.888247951865196228e-02
4.199467599391937256e-02
4.624978080391883850e-02
1.824339106678962708e-02
5.759704858064651489e-03
1.245872117578983307e-02
1.228915154933929443e-02
1.975505053997039795e-02
5.148305743932723999e-02
5.389416962862014771e-02
-7.083925884217023849e-03
-4.522617533802986145e-02
-3.097956068813800812e-03
4.321532789617776871e-03
-1.162862963974475861e-02
-8.397503942251205444e-02
6.656270008534193039e-03
2.808458544313907623e-02
7.816269993782043457e-03
3.775028139352798462e-02
3.616254404187202454e-02
-5.652138590812683105e-02
1.361592952162027359e-02
-2.481029741466045380e-02
7.766006141901016235e-02
-9.697259962558746338e-02
-1.073332875967025757e-02
-1.721423305571079254e-02
-2.897070907056331635e-02
-2.826148457825183868e-02
2.144065313041210175e-02
2.521834708750247955e-02
9.295503795146942139e-02
9.938296861946582794e-03
6.482131779193878174e-02
8.842424489557743073e-03
-1.333588659763336182e-01
-2.129247784614562988e-02
-5.563776940107345581e-02
2.795591391623020172e-02
3.565821796655654907e-02
5.100348964333534241e-02
-9.577109664678573608e-02
-2.259060367941856384e-02
-5.341583117842674255e-02
-9.109840542078018188e-02
-7.647508382797241211e-02
7.069712132215499878e-02
1.662631146609783173e-02
4.288543760776519775e-02
-3.939063474535942078e-02
1.359467953443527222e-02
-3.919831942766904831e-03
-9.740549139678478241e-03
-1.221954263746738434e-02
1.960865221917629242e-03
1.272361446171998978e-02
-3.591432236135005951e-03
-3.127107024192810059e-02
1.373674720525741577e-02
-9.005652368068695068e-02
-4.100078344345092773e-02
-3.242383897304534912e-02
-1.425124332308769226e-02
-1.659633964300155640e-02
-1.262149214744567871e-02
-5.089721456170082092e-02
3.442387655377388000e-02
-4.676203429698944092e-02
7.808504253625869751e-02
4.319858923554420471e-02
8.423815667629241943e-02
3.118656342849135399e-03
-4.693251103162765503e-03
2.001269347965717316e-02
3.025104058906435966e-03
3.615779057145118713e-02
-5.138998106122016907e-02
5.442298948764801025e-02
-6.918250769376754761e-02
-6.506028026342391968e-02
-7.804015651345252991e-03
-8.073125034570693970e-03
-1.860192604362964630e-02
6.318037211894989014e-02
-9.715048968791961670e-02
-4.092279821634292603e-02
1.082852557301521301e-01
6.506967544555664062e-02
-4.697690717875957489e-03
7.529858965426683426e-03
3.769075870513916016e-02
1.647908613085746765e-02
6.582539528608322144e-02
-2.537582628428936005e-02
-3.792694956064224243e-02
-5.602024495601654053e-02
-3.271068260073661804e-02
2.118763886392116547e-02
3.168864920735359192e-02
3.663027286529541016e-02
3.047466464340686798e-02
6.543376366607844830e-04
-2.906604111194610596e-02
3.728795563802123070e-03
2.995368279516696930e-02
8.576755970716476440e-02
-1.458443608134984970e-02
-1.095218956470489502e-02
-2.590852044522762299e-02
2.136264368891716003e-02
-8.308371156454086304e-02
-4.362267628312110901e-02
-5.568292364478111267e-02
5.900665372610092163e-02
-2.403753437101840973e-02
6.127981934696435928e-03
-5.420494824647903442e-02
-3.924252837896347046e-02
-6.082061305642127991e-02
5.007890611886978149e-02
-1.273126155138015747e-02
-5.994762852787971497e-02
-6.791740190237760544e-03
5.042916163802146912e-03
-1.090062130242586136e-02
4.191009700298309326e-02
-2.969036577269434929e-03
-3.206409979611635208e-03
-9.015624225139617920e-02
8.421196788549423218e-02
-7.845204323530197144e-02
3.883202746510505676e-02
-3.485142067074775696e-02
4.512177780270576477e-02
5.479802936315536499e-02
-7.649241015315055847e-03
1.560225710272789001e-02
1.679351844359189272e-04
6.252403557300567627e-02
-4.361853469163179398e-03
6.450816243886947632e-02
2.305228076875209808e-02
-2.982971630990505219e-02
2.543424442410469055e-02
1.427327399142086506e-03
6.383793056011199951e-02
5.704729631543159485e-02
-7.946719974279403687e-02
-4.803422372788190842e-03
1.002415735274553299e-02
-5.008559674024581909e-03
1.867953687906265259e-02
-5.840290337800979614e-03
6.866221316158771515e-03
3.206488490104675293e-02
3.361641243100166321e-02
-5.050750332884490490e-04
1.843345467932522297e-03
-7.410678546875715256e-03
4.133761394768953323e-03
-1.900635287165641785e-02
-1.932615041732788086e-02
-2.405486156931146979e-04
5.599290505051612854e-02
1.209257263690233231e-02
-3.045094199478626251e-03
-4.689153283834457397e-02
-8.666395395994186401e-02
2.370135858654975891e-02
3.594969958066940308e-02
5.929927527904510498e-02
-2.988705970346927643e-02
-4.951217677444219589e-03
-3.103098087012767792e-02
-3.132160753011703491e-03
-2.705774456262588501e-02
-4.072773153893649578e-04
-3.555050119757652283e-02
2.775751985609531403e-02
2.114954032003879547e-02
-3.156640566885471344e-03
7.057067751884460449e-02
7.764306385070085526e-03
-5.696404352784156799e-02
1.146807149052619934e-02
-1.163370069116353989e-02
4.890470206737518311e-02
-8.047352544963359833e-03
4.542480036616325378e-02
-1.945547200739383698e-02
-2.260281145572662354e-02
-4.932159557938575745e-02
9.482269175350666046e-03
2.002212218940258026e-02
2.628286741673946381e-02
5.620434880256652832e-02
1.187029480934143066e-02
4.469874128699302673e-02
1.038274262100458145e-02
9.985012561082839966e-02
4.955752566456794739e-02
-3.748888522386550903e-02
2.418308518826961517e-03
1.575319841504096985e-02
-6.795058399438858032e-02
-6.796043366193771362e-03
3.265968710184097290e-02
3.990180790424346924e-02
-3.124849125742912292e-02
1.108739245682954788e-02
2.170407958328723907e-02
-3.442195057868957520e-02
-1.502633094787597656e-02
-5.131408944725990295e-02
6.478248536586761475e-02
7.316081970930099487e-02
3.476552292704582214e-02
5.793901905417442322e-02
-4.550391063094139099e-02
-5.707374215126037598e-02
6.594378501176834106e-02
-2.900886349380016327e-02
8.370029181241989136e-02
6.918045133352279663e-02
2.625666931271553040e-02
5.149086937308311462e-02
2.150296606123447418e-02
3.894544020295143127e-02
-3.243552520871162415e-02
-6.164910644292831421e-02
-9.460692852735519409e-02
3.711418807506561279e-02
3.664566576480865479e-02
4.712554812431335449e-02
2.305533707840368152e-04
1.636835932731628418e-02
8.524777949787676334e-04
-6.485328078269958496e-03
4.359806701540946960e-02
-3.012104704976081848e-02
-6.804540753364562988e-02
-3.315836191177368164e-02
6.072249636054039001e-02
-4.765620455145835876e-02
-5.389227345585823059e-02
-1.486816164106130600e-02
-3.358554467558860779e-02
-8.539027534425258636e-03
-3.090095333755016327e-02
3.826522082090377808e-02
4.621462896466255188e-02
4.798140376806259155e-03
-8.790447562932968140e-02
-4.466581344604492188e-02
1.666197925806045532e-02
-4.383544623851776123e-02
-2.554871141910552979e-02
-3.326859325170516968e-02
2.330386266112327576e-02
8.225550502538681030e-02
-7.609830796718597412e-02
9.865449368953704834e-02
-1.093770787119865417e-01
4.418942704796791077e-02
-2.029145509004592896e-02
-1.497477944940328598e-02
1.573117449879646301e-02
6.183571368455886841e-02
-2.967190695926547050e-03
-1.642069965600967407e-02
5.250991322100162506e-03
-2.893086150288581848e-02
1.442721486091613770e-02
-2.249659970402717590e-03
-5.146492272615432739e-03
1.719022751785814762e-03
4.346488788723945618e-02
1.940189115703105927e-02
-1.247859466820955276e-02
-1.020028218626976013e-01
4.651350900530815125e-02
3.151009231805801392e-02
3.883741796016693115e-02
5.253485962748527527e-02
-4.765592142939567566e-02
1.129914354532957077e-02
-7.793501764535903931e-02
3.544317325577139854e-03
3.573742136359214783e-02
4.510186240077018738e-02
-4.879740625619888306e-02
-6.413320451974868774e-02
-9.305180050432682037e-03
4.642404243350028992e-02
-5.572337657213211060e-02
-2.528446353971958160e-02
2.470963820815086365e-02
-3.590394556522369385e-02
5.415479466319084167e-02
2.290276624262332916e-02
-1.427222695201635361e-02
3.178042545914649963e-02
-3.192593157291412354e-02
8.427998423576354980e-02
-1.553661935031414032e-02
3.721501445397734642e-03
9.486227482557296753e-02
7.725805789232254028e-02
2.782592922449111938e-02
-5.279020220041275024e-02
-2.677239477634429932e-02
-5.940850824117660522e-02
-3.761447966098785400e-02
1.788902655243873596e-02
-8.738252520561218262e-02
-3.594891726970672607e-02
4.533020779490470886e-03
4.674948006868362427e-02
6.976758688688278198e-02
2.938161604106426239e-02
-5.219371989369392395e-02
-2.896342054009437561e-02
4.323805123567581177e-02
1.905604079365730286e-02
-3.786273673176765442e-02
3.708469122648239136e-02
-1.010948792099952698e-02
5.925609264522790909e-03
-4.613779112696647644e-02
-8.648415654897689819e-02
1.456375047564506531e-02
3.128760959953069687e-03
-8.525709854438900948e-04
-1.112290173768997192e-01
1.667735911905765533e-02
